1000
0 23
1 51
2 97
3 27
4 93
5 17
6 55
7 64
8 36
9 33
10 64
11 14
12 50
13 68
14 25
15 75
16 42
17 41
18 29
19 67
20 58
21 75
22 32
23 33
24 76
25 86
26 74
27 39
28 22
29 86
30 60
31 10
32 9
33 16
34 53
35 48
36 97
37 86
38 72
39 5
40 77
41 83
42 37
43 87
44 68
45 62
46 45
47 4
48 39
49 83
50 3
51 60
52 96
53 24
54 22
55 9
56 38
57 27
58 75
59 85
60 92
61 22
62 24
63 32
64 87
65 91
66 41
67 65
68 64
69 58
70 84
71 26
72 47
73 67
74 64
75 5
76 5
77 68
78 17
79 46
80 45
81 59
82 54
83 26
84 24
85 35
86 43
87 85
88 7
89 8
90 50
91 3
92 4
93 27
94 90
95 97
96 63
97 4
98 15
99 91
100 99
101 47
102 84
103 87
104 94
105 45
106 62
107 36
108 16
109 65
110 98
111 6
112 8
113 96
114 65
115 92
116 35
117 67
118 13
119 63
120 71
121 10
122 78
123 52
124 93
125 92
126 67
127 29
128 23
129 33
130 1
131 27
132 30
133 90
134 39
135 68
136 2
137 60
138 54
139 29
140 29
141 35
142 52
143 37
144 55
145 53
146 19
147 69
148 96
149 14
150 83
151 94
152 40
153 69
154 17
155 86
156 94
157 92
158 92
159 27
160 64
161 86
162 20
163 56
164 84
165 95
166 20
167 5
168 55
169 25
170 48
171 53
172 70
173 14
174 63
175 47
176 31
177 67
178 5
179 29
180 67
181 87
182 37
183 47
184 74
185 68
186 84
187 12
188 33
189 13
190 71
191 15
192 99
193 63
194 30
195 11
196 77
197 27
198 66
199 39
200 77
201 10
202 15
203 90
204 30
205 2
206 10
207 64
208 84
209 69
210 53
211 21
212 61
213 34
214 85
215 14
216 77
217 16
218 63
219 65
220 28
221 50
222 73
223 14
224 40
225 17
226 69
227 18
228 43
229 62
230 61
231 80
232 13
233 75
234 14
235 6
236 11
237 49
238 77
239 96
240 8
241 31
242 76
243 49
244 73
245 7
246 74
247 53
248 12
249 53
250 9
251 51
252 96
253 45
254 90
255 8
256 4
257 85
258 97
259 26
260 24
261 29
262 54
263 98
264 67
265 68
266 24
267 92
268 87
269 9
270 33
271 65
272 52
273 69
274 25
275 16
276 14
277 78
278 35
279 31
280 19
281 40
282 59
283 26
284 44
285 30
286 83
287 23
288 52
289 41
290 75
291 47
292 79
293 14
294 47
295 24
296 60
297 79
298 7
299 46
300 58
301 20
302 24
303 86
304 41
305 34
306 87
307 78
308 94
309 9
310 10
311 61
312 7
313 22
314 49
315 41
316 35
317 44
318 47
319 68
320 90
321 8
322 25
323 55
324 44
325 36
326 93
327 33
328 34
329 31
330 16
331 93
332 53
333 78
334 23
335 34
336 68
337 51
338 48
339 67
340 90
341 40
342 58
343 38
344 24
345 51
346 26
347 1
348 81
349 57
350 77
351 20
352 52
353 17
354 87
355 52
356 55
357 94
358 25
359 77
360 8
361 42
362 70
363 56
364 44
365 96
366 53
367 77
368 80
369 12
370 40
371 38
372 59
373 93
374 6
375 50
376 64
377 52
378 20
379 91
380 33
381 48
382 50
383 63
384 8
385 84
386 16
387 61
388 61
389 93
390 66
391 63
392 49
393 69
394 37
395 80
396 42
397 17
398 95
399 77
400 13
401 23
402 41
403 71
404 4
405 37
406 44
407 21
408 94
409 95
410 60
411 49
412 12
413 90
414 56
415 91
416 85
417 17
418 83
419 71
420 99
421 38
422 19
423 53
424 29
425 9
426 3
427 66
428 13
429 61
430 69
431 6
432 41
433 12
434 83
435 78
436 14
437 57
438 24
439 94
440 72
441 88
442 46
443 97
444 35
445 76
446 79
447 21
448 17
449 95
450 4
451 19
452 14
453 41
454 29
455 24
456 79
457 35
458 17
459 97
460 99
461 88
462 30
463 77
464 44
465 80
466 22
467 46
468 83
469 98
470 39
471 86
472 20
473 77
474 77
475 96
476 7
477 63
478 28
479 66
480 65
481 3
482 43
483 46
484 80
485 84
486 57
487 21
488 91
489 58
490 51
491 71
492 56
493 6
494 85
495 48
496 80
497 50
498 45
499 32
500 79
501 56
502 53
503 62
504 97
505 74
506 70
507 67
508 62
509 8
510 14
511 40
512 70
513 70
514 86
515 32
516 54
517 43
518 81
519 59
520 62
521 37
522 70
523 89
524 57
525 70
526 81
527 6
528 18
529 5
530 96
531 60
532 9
533 99
534 65
535 1
536 60
537 42
538 69
539 65
540 15
541 15
542 98
543 95
544 90
545 65
546 15
547 57
548 59
549 70
550 59
551 43
552 7
553 54
554 38
555 46
556 58
557 21
558 28
559 6
560 72
561 60
562 50
563 94
564 98
565 20
566 12
567 79
568 86
569 64
570 40
571 42
572 43
573 87
574 28
575 79
576 45
577 87
578 61
579 79
580 35
581 85
582 61
583 7
584 65
585 48
586 84
587 27
588 79
589 10
590 76
591 61
592 23
593 34
594 34
595 82
596 64
597 54
598 32
599 48
600 22
601 75
602 61
603 34
604 93
605 95
606 99
607 17
608 7
609 92
610 57
611 21
612 98
613 29
614 41
615 17
616 45
617 81
618 29
619 11
620 76
621 94
622 43
623 76
624 70
625 80
626 19
627 24
628 55
629 33
630 75
631 69
632 4
633 35
634 27
635 72
636 53
637 14
638 66
639 95
640 44
641 53
642 80
643 37
644 10
645 48
646 38
647 94
648 57
649 11
650 59
651 69
652 70
653 39
654 88
655 54
656 18
657 25
658 58
659 3
660 9
661 51
662 33
663 3
664 23
665 91
666 83
667 65
668 49
669 55
670 73
671 59
672 30
673 90
674 38
675 48
676 79
677 29
678 34
679 17
680 81
681 26
682 70
683 52
684 35
685 91
686 25
687 23
688 71
689 41
690 8
691 3
692 51
693 66
694 95
695 46
696 56
697 74
698 9
699 52
700 91
701 5
702 49
703 13
704 46
705 4
706 64
707 68
708 3
709 16
710 50
711 47
712 48
713 58
714 81
715 98
716 75
717 81
718 61
719 87
720 69
721 15
722 48
723 61
724 61
725 46
726 87
727 1
728 63
729 36
730 73
731 85
732 41
733 91
734 73
735 77
736 83
737 15
738 42
739 74
740 70
741 61
742 13
743 47
744 8
745 64
746 92
747 84
748 44
749 13
750 13
751 57
752 65
753 47
754 91
755 85
756 83
757 88
758 41
759 69
760 18
761 9
762 47
763 39
764 68
765 37
766 33
767 8
768 74
769 12
770 22
771 13
772 25
773 14
774 70
775 6
776 52
777 15
778 13
779 19
780 7
781 15
782 35
783 5
784 26
785 92
786 22
787 31
788 50
789 78
790 54
791 74
792 5
793 88
794 66
795 20
796 87
797 4
798 33
799 58
800 86
801 20
802 28
803 55
804 52
805 24
806 79
807 32
808 9
809 15
810 31
811 53
812 14
813 34
814 96
815 10
816 46
817 34
818 7
819 18
820 39
821 59
822 96
823 12
824 94
825 64
826 52
827 9
828 27
829 38
830 73
831 84
832 5
833 51
834 67
835 73
836 73
837 88
838 28
839 21
840 84
841 66
842 60
843 87
844 62
845 76
846 3
847 9
848 24
849 98
850 60
851 37
852 11
853 84
854 66
855 59
856 17
857 20
858 33
859 71
860 45
861 92
862 5
863 10
864 48
865 10
866 21
867 41
868 82
869 87
870 96
871 86
872 84
873 12
874 92
875 94
876 32
877 86
878 73
879 13
880 29
881 31
882 50
883 39
884 95
885 42
886 94
887 40
888 52
889 73
890 74
891 48
892 40
893 60
894 17
895 92
896 1
897 10
898 2
899 88
900 70
901 74
902 23
903 34
904 52
905 66
906 38
907 9
908 32
909 11
910 70
911 3
912 76
913 51
914 12
915 60
916 55
917 8
918 44
919 66
920 67
921 78
922 14
923 10
924 27
925 72
926 39
927 53
928 10
929 39
930 2
931 34
932 74
933 82
934 21
935 73
936 56
937 62
938 80
939 48
940 29
941 31
942 23
943 95
944 46
945 9
946 94
947 32
948 78
949 70
950 8
951 5
952 42
953 12
954 82
955 33
956 96
957 47
958 24
959 42
960 77
961 5
962 85
963 32
964 60
965 4
966 71
967 60
968 75
969 1
970 53
971 2
972 17
973 19
974 94
975 87
976 32
977 29
978 70
979 72
980 60
981 6
982 1
983 60
984 56
985 66
986 76
987 17
988 47
989 81
990 0
991 93
992 78
993 68
994 140
995 53
996 42
997 101
998 140
999 140
